CCID=0x081A Seq=0xC003 Len=152
Tcode=00 0F 48 D0 BC 1C
 cnt=0, err=0
 I2C0=7/0,  I2C1=7/0,  I2C2=7/0
 UART=7/0
 RS422=7/0
 cnt=0/0,  q=3/0 boot=1
 time=1001676.30922476
 seq=33,  reset=33
 status=255
 rssi=-112
 bootcnt=125
 cause=0x00000002
 rx=5
 wdt_cnt=1
 wdt_left=111940
 deploy=0x0139
 active=0
 boot=0
 cause=0x00000000
 vbatt=0 mV
 output=[0, 0, 0, 0, 0, 0, 0, 0]
 curout=[0, 0, 0, 0, 0, 0]
 curin=[0, 0, 0]
 cursys=0
 boot_cnt=0
 wdt_left=0
 bootcause=0
 battmode=0
 deploy=0
 power=0
 ctrl=0
 gyro=[0.000000, 0.000000, 0.000000]
 mode=0
 mem=[0, 0, 0, 0, 0, 0]
 img=[0, 0, 0, 0, 0, 0]
 adc=[0, 0]

Binary (143 B):
08 1A C0 03 00 91 00 0F 48 D0 BC 1C 00 00 07 07
07 07 07 00 00 00 00 00 00 00 00 00 00 00 00 03
00 01 00 CC 48 0F 00 EC D6 D7 01 21 00 00 00 21
FF 90 FF 7D 00 02 00 00 00 05 01 00 44 B5 01 00
39 01 00 00 00 00 00 00 00 00 00 00 00 00 00 00
00 00 00 00 00 00 00 00 00 00 00 00 00 00 00 00
00 00 00 00 00 00 00 00 00 00 00 00 00 00 00 00
00 00 00 00 00 00 00 00 01 00 00 00 00 00 00 00
00 00 00 00 00 00 00 00 00 00 00 00 00 00 00 
