CCID=0x1A08 Seq=0x2BC0 Len=34816
Tcode=00 0F 4B 46 F2 61
 cnt=0, err=0
 I2C0=7/0,  I2C1=7/0,  I2C2=7/0
 UART=7/0
 RS422=7/0
 cnt=0/0,  q=10/0 boot=2
 time=1002299.601857633
 seq=64,  reset=33
 status=255
 rssi=-118
 bootcnt=69
 cause=0x00000002
 rx=5
 wdt_cnt=0
 wdt_left=73998
 deploy=0x0000
 active=2
 boot=1658
 cause=0x00000001
 vbatt=0 mV
 output=[0, 0, 0, 0, 0, 0, 0, 0]
 curout=[0, 0, 0, 0, 0, 0]
 curin=[0, 0, 0]
 cursys=0
 boot_cnt=0
 wdt_left=0
 bootcause=0
 battmode=0
 deploy=0
 power=0
 ctrl=0
 gyro=[0.000000, 0.000000, 0.000000]
 mode=0
 mem=[0, 0, 0, 0, 0, 0]
 img=[0, 0, 0, 0, 0, 0]
 adc=[0, 0]

Binary (143 B):
08 1A C0 2B 00 88 00 0F 4B 46 F2 61 00 00 07 07
07 07 07 00 00 00 00 00 00 00 00 00 00 00 00 0A
00 02 00 3B 4B 0F 00 61 9E DF 23 40 00 00 00 21
FF 8A FF 45 00 02 00 00 00 05 00 00 0E 21 01 00
00 00 02 7A 06 01 00 00 00 00 00 00 00 00 00 00
00 00 00 00 00 00 00 00 00 00 00 00 00 00 00 00
00 00 00 00 00 00 00 00 00 00 00 00 00 00 00 00
00 00 00 00 00 00 00 00 00 00 00 00 00 00 00 00
00 00 00 00 00 00 00 00 00 00 00 00 00 00 00 
