CCID=0xBEAC Seq=0x0001 Len=148
Tcode=25 08 31 15 24 40
 cnt=0, err=0
 I2C0=7/0,  I2C1=7/1687,  I2C2=7/181
 UART=7/0
 RS422=7/1267
 cnt=0/0,  q=10/0 boot=3
 time=1051553.804174644
 seq=2527,  reset=33
 status=1
 rssi=-116
 bootcnt=85
 cause=0x00000002
 rx=5
 wdt_cnt=1
 wdt_left=57397
 deploy=0x8888
 active=2
 boot=81
 cause=0x00000001
 vbatt=14471 mV
 output=[0, 0, 0, 0, 1, 0, 0, 0]
 curout=[1, 0, 0, 2, 458, 1]
 curin=[465, 0, 282]
 cursys=389
 boot_cnt=94
 wdt_left=0
 bootcause=8
 battmode=3
 heater_mode=0
 deploy=1
 BP4_Temperature=[0, 0]
 power=4
 ctrl=0
 gyro=[0.020000, 0.000000, 0.012500]
 mode=0
 mem=[2, 2, 0, 0, 0, 0]
 img=[2, 2, 0, 0, 0, 0]
 adc=[2, 1]

Binary (148 B):
BE AC 00 01 00 94 25 08 31 15 24 40 00 00 07 07
07 07 07 00 00 06 97 00 B5 00 00 04 F3 00 00 0A
00 00 03 00 10 0B A1 2F EE BB 34 00 00 09 DF 21
01 FF 8C 00 55 00 00 00 02 05 00 01 00 00 E0 35
88 88 02 00 51 00 00 00 01 38 87 00 00 00 00 01
00 00 00 00 01 00 00 00 00 00 02 01 CA 00 01 01
D1 00 00 01 1A 01 85 00 5E 00 00 00 00 08 03 00
00 00 00 00 01 04 00 0A D7 A3 3C 00 00 00 00 CD
CC 4C 3C 00 02 02 00 00 00 00 02 02 00 00 00 00
00 02 00 01 
