CCID=0xBEAC Seq=0x0001 Len=148
Tcode=00 00 00 00 00 00
 cnt=0, err=0
 I2C0=0/0,  I2C1=0/0,  I2C2=0/0
 UART=0/0
 RS422=0/0
 cnt=0/0,  q=0/0 boot=3
 time=0.0
 seq=0,  reset=0
 status=0
 rssi=-116
 bootcnt=0
 cause=0x00000000
 rx=0
 wdt_cnt=0
 wdt_left=0
 deploy=0x0000
 active=0
 boot=0
 cause=0x00000000
 vbatt=14471 mV
 output=[0, 0, 0, 0, 0, 0, 0, 0]
 curout=[0, 0, 0, 0, 0, 0]
 curin=[0, 0, 0]
 cursys=0
 boot_cnt=0
 wdt_left=0
 bootcause=0
 battmode=0
 heater_mode=0
 deploy=0
 BP4_Temperature=[0, 0]
 power=0
 ctrl=0
 gyro=[0.020000, 0.000000, 0.000000]
 mode=0
 mem=[0, 0, 0, 0, 0, 0]
 img=[0, 0, 0, 0, 0, 0]
 adc=[0, 0]

Binary (148 B):
AC BE 01 00 94 00 00 00 00 00 00 00 00 00 00 00
00 00 00 00 00 00 00 00 00 00 00 00 00 00 00 00
00 03 00 00 00 00 00 00 00 00 00 00 00 00 00 00
00 8C FF 00 00 00 00 00 00 00 00 00 00 00 00 00
00 00 00 00 00 00 00 00 00 87 38 00 00 00 00 00
00 00 00 00 00 00 00 00 00 00 00 00 00 00 00 00
00 00 00 00 00 00 00 00 00 00 00 00 00 00 00 00
00 00 00 00 00 00 00 0A D7 A3 3C 00 00 00 00 00
00 00 00 00 00 00 00 00 00 00 00 00 00 00 00 00
00 00 00 00 
