CCID=0x081A Seq=0xC01D Len=152
Tcode=00 0F 49 2A BC 44
 cnt=0, err=0
 I2C0=7/0,  I2C1=7/0,  I2C2=7/0
 UART=7/0
 RS422=7/14
 cnt=0/0,  q=5/0 boot=1
 time=1001766.31399217
 seq=38,  reset=33
 status=255
 rssi=-108
 bootcnt=125
 cause=0x00000002
 rx=5
 wdt_cnt=1
 wdt_left=111850
 deploy=0x013A
 active=0
 boot=0
 cause=0x00000000
 vbatt=0 mV
 output=[0, 0, 0, 0, 0, 0, 0, 0]
 curout=[0, 0, 0, 0, 0, 0]
 curin=[0, 0, 0]
 cursys=0
 boot_cnt=0
 wdt_left=0
 bootcause=0
 battmode=0
 deploy=0
 power=0
 ctrl=0
 gyro=[0.000000, 0.000000, 0.000000]
 mode=0
 mem=[0, 0, 0, 0, 0, 0]
 img=[0, 0, 0, 0, 0, 0]
 adc=[0, 0]

Binary (143 B):
08 1A C0 1D 00 91 00 0F 49 2A BC 44 00 00 07 07
07 07 07 00 00 00 00 00 00 00 00 0E 00 00 00 05
00 01 00 26 49 0F 00 31 1D DF 01 26 00 00 00 21
FF 94 FF 7D 00 02 00 00 00 05 01 00 EA B4 01 00
3A 01 00 00 00 00 00 00 00 00 00 00 00 00 00 00
00 00 00 00 00 00 00 00 00 00 00 00 00 00 00 00
00 00 00 00 00 00 00 00 00 00 00 00 00 00 00 00
00 00 00 00 00 00 00 00 01 00 00 00 00 00 00 00
00 00 00 00 00 00 00 00 00 00 00 00 00 00 00 
