CCID=0x081A Seq=0xC00D Len=152
Tcode=00 0F 47 2E 26 B7
 cnt=0, err=0
 I2C0=7/0,  I2C1=7/0,  I2C2=7/0
 UART=7/0
 RS422=7/7
 cnt=0/0,  q=0/0 boot=2
 time=1001247.3930621355
 seq=12,  reset=17
 status=255
 rssi=-112
 bootcnt=125
 cause=0x00000002
 rx=5
 wdt_cnt=1
 wdt_left=110325
 deploy=0x012B
 active=0
 boot=0
 cause=0x00000000
 vbatt=0 mV
 output=[0, 0, 0, 0, 0, 0, 0, 0]
 curout=[0, 0, 0, 0, 0, 0]
 curin=[0, 0, 0]
 cursys=0
 boot_cnt=0
 wdt_left=0
 bootcause=0
 battmode=0
 deploy=0
 power=0
 ctrl=0
 gyro=[0.000000, 0.000000, 0.000000]
 mode=0
 mem=[0, 0, 0, 0, 0, 0]
 img=[0, 0, 0, 0, 0, 0]
 adc=[0, 0]

Binary (143 B):
08 1A C0 0D 00 91 00 0F 47 2E 26 B7 00 00 07 07
07 07 07 00 00 00 00 00 00 00 00 07 00 00 00 00
00 02 00 1F 47 0F 00 AB 85 48 EA 0C 00 00 00 11
FF 90 FF 7D 00 02 00 00 00 05 01 00 F5 AE 01 00
2B 01 00 00 00 00 00 00 00 00 00 00 00 00 00 00
00 00 00 00 00 00 00 00 00 00 00 00 00 00 00 00
00 00 00 00 00 00 00 00 00 00 00 00 00 00 00 00
00 00 00 00 00 00 00 00 01 00 00 00 00 00 00 00
00 00 00 00 00 00 00 00 00 00 00 00 00 00 00 
