CCID=0x081A Seq=0xC002 Len=143
Tcode=00 0F 47 DA 9F 8E
 cnt=0, err=0
 I2C0=7/0,  I2C1=7/0,  I2C2=7/0
 UART=7/0
 RS422=7/0
 cnt=0/0,  q=1/0 boot=3
 time=1001422.3778651239
 seq=20,  reset=17
 status=255
 rssi=-123
 bootcnt=71
 cause=0x00000002
 rx=5
 wdt_cnt=0
 wdt_left=60655
 deploy=0x0000
 active=2
 boot=1661
 cause=0x00000100
 vbatt=0 mV
 output=[0, 0, 0, 0, 0, 0, 0, 0]
 curout=[0, 0, 0, 0, 0, 0]
 curin=[0, 0, 0]
 cursys=0
 boot_cnt=0
 wdt_left=0
 bootcause=0
 battmode=0
 deploy=0
 power=0
 ctrl=0
 gyro=[0.000000, 0.000000, 0.000000]
 mode=0
 mem=[0, 0, 0, 0, 0, 0]
 img=[0, 0, 0, 0, 0, 0]
 adc=[0, 0]

Binary (143 B):
08 1A C0 02 00 88 00 0F 47 DA 9F 8E 00 00 07 07
07 07 07 00 00 00 00 00 00 00 00 00 00 00 00 01
00 03 00 CE 47 0F 00 67 A4 39 E1 14 00 00 00 11
FF 85 FF 47 00 02 00 00 00 05 00 00 EF EC 00 00
00 00 02 7D 06 00 01 00 00 00 00 00 00 00 00 00
00 00 00 00 00 00 00 00 00 00 00 00 00 00 00 00
00 00 00 00 00 00 00 00 00 00 00 00 00 00 00 00
00 00 00 00 00 00 00 00 00 00 00 00 00 00 00 00
00 00 00 00 00 00 00 00 00 00 00 00 00 00 00 
