CCID=0x081A Seq=0xC00E Len=152
Tcode=00 0F 49 AD 28 A8
 cnt=0, err=0
 I2C0=7/0,  I2C1=7/0,  I2C2=7/0
 UART=7/0
 RS422=7/7
 cnt=0/0,  q=2/0 boot=2
 time=1001897.4065877177
 seq=44,  reset=17
 status=255
 rssi=-114
 bootcnt=125
 cause=0x00000002
 rx=5
 wdt_cnt=1
 wdt_left=111696
 deploy=0x0138
 active=0
 boot=0
 cause=0x00000000
 vbatt=0 mV
 output=[0, 0, 0, 0, 0, 0, 0, 0]
 curout=[0, 0, 0, 0, 0, 0]
 curin=[0, 0, 0]
 cursys=0
 boot_cnt=0
 wdt_left=0
 bootcause=0
 battmode=0
 deploy=0
 power=0
 ctrl=0
 gyro=[0.000000, 0.000000, 0.000000]
 mode=0
 mem=[0, 0, 0, 0, 0, 0]
 img=[0, 0, 0, 0, 0, 0]
 adc=[0, 0]

Binary (143 B):
08 1A C0 0E 00 91 00 0F 49 AD 28 A8 00 00 07 07
07 07 07 00 00 00 00 00 00 00 00 07 00 00 00 02
00 02 00 A9 49 0F 00 B9 5C 58 F2 2C 00 00 00 11
FF 8E FF 7D 00 02 00 00 00 05 01 00 50 B4 01 00
38 01 00 00 00 00 00 00 00 00 00 00 00 00 00 00
00 00 00 00 00 00 00 00 00 00 00 00 00 00 00 00
00 00 00 00 00 00 00 00 00 00 00 00 00 00 00 00
00 00 00 00 00 00 00 00 01 00 00 00 00 00 00 00
00 00 00 00 00 00 00 00 00 00 00 00 00 00 00 
