CCID=0xACBE Seq=0x0100 Len=37888
Tcode=25 08 31 15 24 40
 cnt=0, err=0
 I2C0=7/0,  I2C1=7/38662,  I2C2=7/46336
 UART=7/0
 RS422=7/62212
 cnt=0/0,  q=10/0 boot=768
 time=2701856768.884731439
 seq=3741908992,  reset=33
 status=1
 rssi=-29441
 bootcnt=21760
 cause=0x02000000
 rx=5
 wdt_cnt=256
 wdt_left=903872512
 deploy=0x8888
 active=2
 boot=20736
 cause=0x01000000
 vbatt=34616 mV
 output=[0, 0, 0, 0, 1, 0, 0, 0]
 curout=[256, 0, 0, 512, 51713, 256]
 curin=[53505, 0, 6657]
 cursys=34049
 boot_cnt=24064
 wdt_left=0
 bootcause=8
 battmode=3
 heater_mode=0
 deploy=1
 BP4_Temperature=[0, 0]
 power=4
 ctrl=0
 gyro=[0.020000, 0.000000, 0.012500]
 mode=0
 mem=[2, 2, 0, 0, 0, 0]
 img=[2, 2, 0, 0, 0, 0]
 adc=[512, 256]

Binary (148 B):
BE AC 00 01 00 94 25 08 31 15 24 40 00 00 07 07
07 07 07 00 00 06 97 00 B5 00 00 04 F3 00 00 0A
00 00 03 00 10 0B A1 2F EE BB 34 00 00 09 DF 21
01 FF 8C 00 55 00 00 00 02 05 00 01 00 00 E0 35
88 88 02 00 51 00 00 00 01 38 87 00 00 00 00 01
00 00 00 00 01 00 00 00 00 00 02 01 CA 00 01 01
D1 00 00 01 1A 01 85 00 5E 00 00 00 00 08 03 00
00 00 00 00 01 04 00 0A D7 A3 3C 00 00 00 00 CD
CC 4C 3C 00 02 02 00 00 00 00 02 02 00 00 00 00
00 02 00 01 
