CCID=0x081A Seq=0xC012 Len=152
Tcode=00 0F 48 FF 3A 4B
 cnt=0, err=0
 I2C0=7/0,  I2C1=7/0,  I2C2=7/0
 UART=7/0
 RS422=7/7
 cnt=0/0,  q=4/0 boot=1
 time=1001721.32291712
 seq=36,  reset=33
 status=255
 rssi=-116
 bootcnt=125
 cause=0x00000002
 rx=5
 wdt_cnt=1
 wdt_left=111895
 deploy=0x0139
 active=0
 boot=0
 cause=0x00000000
 vbatt=0 mV
 output=[0, 0, 0, 0, 0, 0, 0, 0]
 curout=[0, 0, 0, 0, 0, 0]
 curin=[0, 0, 0]
 cursys=0
 boot_cnt=0
 wdt_left=0
 bootcause=0
 battmode=0
 deploy=0
 power=0
 ctrl=0
 gyro=[0.000000, 0.000000, 0.000000]
 mode=0
 mem=[0, 0, 0, 0, 0, 0]
 img=[0, 0, 0, 0, 0, 0]
 adc=[0, 0]

Binary (143 B):
08 1A C0 12 00 91 00 0F 48 FF 3A 4B 00 00 07 07
07 07 07 00 00 00 00 00 00 00 00 07 00 00 00 04
00 01 00 F9 48 0F 00 80 BB EC 01 24 00 00 00 21
FF 8C FF 7D 00 02 00 00 00 05 01 00 17 B5 01 00
39 01 00 00 00 00 00 00 00 00 00 00 00 00 00 00
00 00 00 00 00 00 00 00 00 00 00 00 00 00 00 00
00 00 00 00 00 00 00 00 00 00 00 00 00 00 00 00
00 00 00 00 00 00 00 00 01 00 00 00 00 00 00 00
00 00 00 00 00 00 00 00 00 00 00 00 00 00 00 
