CCID=0x081A Seq=0xC04D Len=143
Tcode=00 0F 50 6E F2 56
 cnt=0, err=0
 I2C0=7/0,  I2C1=7/0,  I2C2=7/0
 UART=7/0
 RS422=7/0
 cnt=0/0,  q=10/0 boot=2
 time=1003619.569453822
 seq=130,  reset=33
 status=255
 rssi=-118
 bootcnt=69
 cause=0x00000002
 rx=5
 wdt_cnt=0
 wdt_left=72678
 deploy=0x0000
 active=2
 boot=1658
 cause=0x00000001
 vbatt=0 mV
 output=[0, 0, 0, 0, 0, 0, 0, 0]
 curout=[0, 0, 0, 0, 0, 0]
 curin=[0, 0, 0]
 cursys=0
 boot_cnt=0
 wdt_left=0
 bootcause=0
 battmode=0
 deploy=0
 power=0
 ctrl=0
 gyro=[0.000000, 0.000000, 0.000000]
 mode=0
 mem=[0, 0, 0, 0, 0, 0]
 img=[0, 0, 0, 0, 0, 0]
 adc=[0, 0]

Binary (143 B):
08 1A C0 4D 00 88 00 0F 50 6E F2 56 00 00 07 07
07 07 07 00 00 00 00 00 00 00 00 00 00 00 00 0A
00 02 00 63 50 0F 00 FE 2C F1 21 82 00 00 00 21
FF 8A FF 45 00 02 00 00 00 05 00 00 E6 1B 01 00
00 00 02 7A 06 01 00 00 00 00 00 00 00 00 00 00
00 00 00 00 00 00 00 00 00 00 00 00 00 00 00 00
00 00 00 00 00 00 00 00 00 00 00 00 00 00 00 00
00 00 00 00 00 00 00 00 00 00 00 00 00 00 00 00
00 00 00 00 00 00 00 00 00 00 00 00 00 00 00 
