CCID=0x081A Seq=0xC007 Len=152
Tcode=00 0F 46 69 23 BD
 cnt=0, err=0
 I2C0=7/0,  I2C1=7/0,  I2C2=7/0
 UART=7/0
 RS422=7/7
 cnt=1/0,  q=3/26 boot=2
 time=1001054.3883829405
 seq=2,  reset=17
 status=1
 rssi=-113
 bootcnt=129
 cause=0x00000002
 rx=5
 wdt_cnt=1
 wdt_left=91626
 deploy=0x0139
 active=0
 boot=256
 cause=0x000106BB
 vbatt=0 mV
 output=[44, 1, 0, 0, 0, 0, 0, 0]
 curout=[0, 0, 0, 0, 0, 0]
 curin=[0, 0, 0]
 cursys=0
 boot_cnt=0
 wdt_left=0
 bootcause=0
 battmode=0
 deploy=0
 power=0
 ctrl=0
 gyro=[0.000000, 0.000000, 0.000000]
 mode=0
 mem=[0, 0, 0, 0, 0, 0]
 img=[0, 0, 0, 0, 0, 0]
 adc=[0, 0]

Binary (143 B):
08 1A C0 07 00 91 00 0F 46 69 23 BD 00 00 07 07
07 07 07 00 00 00 00 00 00 00 00 07 00 01 00 03
1A 02 00 5E 46 0F 00 9D 88 7E E7 02 00 00 00 11
01 8F FF 81 00 02 00 00 00 05 01 00 EA 65 01 00
39 01 00 00 01 BB 06 01 00 00 00 2C 01 00 00 00
00 00 00 00 00 00 00 00 00 00 00 00 00 00 00 00
00 00 00 00 00 00 00 00 00 00 00 00 00 00 00 00
00 00 00 00 00 00 00 00 01 00 00 00 00 00 00 00
00 00 00 00 00 00 00 00 00 00 00 00 00 00 00 
