CCID=0x081A Seq=0xC004 Len=152
Tcode=00 0F 46 88 C0 30
 cnt=0, err=0
 I2C0=7/0,  I2C1=7/0,  I2C2=7/0
 UART=7/0
 RS422=7/0
 cnt=1/0,  q=3/2 boot=1
 time=1001091.98522684
 seq=4,  reset=33
 status=1
 rssi=-114
 bootcnt=129
 cause=0x00000002
 rx=5
 wdt_cnt=1
 wdt_left=92042
 deploy=0x0130
 active=0
 boot=256
 cause=0x000106BB
 vbatt=0 mV
 output=[37, 1, 0, 0, 0, 0, 0, 0]
 curout=[0, 0, 0, 0, 0, 0]
 curin=[0, 0, 0]
 cursys=0
 boot_cnt=0
 wdt_left=0
 bootcause=0
 battmode=0
 deploy=0
 power=0
 ctrl=0
 gyro=[0.000000, 0.000000, 0.000000]
 mode=0
 mem=[0, 0, 0, 0, 0, 0]
 img=[0, 0, 0, 0, 0, 0]
 adc=[0, 0]

Binary (143 B):
08 1A C0 04 00 91 00 0F 46 88 C0 30 00 00 07 07
07 07 07 00 00 00 00 00 00 00 00 00 00 01 00 03
02 01 00 83 46 0F 00 3C 56 DF 05 04 00 00 00 21
01 8E FF 81 00 02 00 00 00 05 01 00 8A 67 01 00
30 01 00 00 01 BB 06 01 00 00 00 25 01 00 00 00
00 00 00 00 00 00 00 00 00 00 00 00 00 00 00 00
00 00 00 00 00 00 00 00 00 00 00 00 00 00 00 00
00 00 00 00 00 00 00 00 01 00 00 00 00 00 00 00
00 00 00 00 00 00 00 00 00 00 00 00 00 00 00 
