CCID=0x081A Seq=0xC01B Len=176
Tcode=00 0F 47 68 3C 3D
 cnt=0, err=0
 I2C0=7/0,  I2C1=7/55,  I2C2=7/5
 UART=7/0
 RS422=7/35
 cnt=1/0,  q=8/0 boot=1
 time=1001316.198596281
 seq=15,  reset=33
 status=1
 rssi=-121
 bootcnt=298
 cause=0x00000002
 rx=5
 wdt_cnt=4
 wdt_left=51297
 deploy=0x010F
 active=136
 boot=392
 cause=0x0001014B
 vbatt=0 mV
 output=[1, 1, 219, 63, 0, 0, 0, 0]
 curout=[0, 0, 1, 0, 0, 2]
 curin=[3, 1, 488]
 cursys=6
 boot_cnt=274
 wdt_left=2949336
 bootcause=0
 battmode=0
 deploy=0
 power=0
 ctrl=7
 gyro=[0.000000, 0.000000, 0.000000]
 mode=0
 mem=[0, 0, 0, 0, 0, 0]
 img=[0, 0, 0, 2, 2, 2]
 adc=[514, 770]

Binary (143 B):
08 1A C0 1B 00 A9 00 0F 47 68 3C 3D 00 00 07 07
07 07 07 00 00 37 00 05 00 00 00 23 00 01 00 08
00 01 00 64 47 0F 00 B9 56 D6 0B 0F 00 00 00 21
01 87 FF 2A 01 02 00 00 00 05 04 00 61 C8 00 00
0F 01 88 88 01 4B 01 01 00 00 00 01 01 DB 3F 00
00 00 00 00 00 00 00 01 00 00 00 00 00 02 00 03
00 01 00 E8 01 06 00 12 01 D8 00 2D 00 00 00 00
00 07 03 01 16 00 16 00 00 00 00 00 00 00 00 00
00 00 00 00 00 00 00 00 02 02 02 02 02 02 03 
