CCID=0x0707 Seq=0x0700 Len=18
Tcode=00 01 00 00 00 07
 cnt=0, err=1
 I2C0=0/18186,  I2C1=3/15,  I2C2=0/2143
 UART=1/990
 RS422=0/11
 cnt=0/0,  q=33/1 boot=65419
 time=131370.67436544
 seq=13365760,  reset=0
 status=230
 rssi=-30720
 bootcnt=392
 cause=0x0001014B
 rx=0
 wdt_cnt=57600
 wdt_left=4179712
 deploy=0x0000
 active=0
 boot=0
 cause=0x00010000
 vbatt=0 mV
 output=[0, 0, 2, 0, 3, 0, 1, 0]
 curout=[494, 6, 291, 228, 45, 0]
 curin=[0, 775, 5377]
 cursys=5376
 boot_cnt=0
 wdt_left=1546190852
 bootcause=143
 battmode=60
 deploy=0
 power=0
 ctrl=0
 gyro=[-0.000000, 0.000000, 0.000000]
 mode=3
 mem=[3, 1, 1, 1, 1, 2]
 img=[0, 1, 0, 0, 0, 0]
 adc=[0, 0]

Binary (143 B):
07 07 07 00 00 0B 00 01 00 00 00 07 00 01 00 03
00 01 00 0A 47 0F 00 5F 08 DE 03 0B 00 00 00 21
01 8B FF 2A 01 02 00 00 00 05 04 00 F2 CB 00 00
E6 00 88 88 01 4B 01 01 00 00 00 E1 00 C7 3F 00
00 00 00 00 00 00 00 01 00 00 00 00 00 02 00 03
00 01 00 EE 01 06 00 23 01 E4 00 2D 00 00 00 00
00 07 03 01 15 00 15 00 00 04 00 29 5C 8F 3C 00
00 00 00 29 5C 8F 3C 00 02 02 02 02 02 02 03 03
01 01 01 01 02 00 01 00 00 00 00 00 00 00 00 
