CCID=0x081A Seq=0xC00A Len=176
Tcode=00 0F 46 92 3E 43
 cnt=0, err=0
 I2C0=7/0,  I2C1=7/22,  I2C2=7/2
 UART=7/0
 RS422=7/14
 cnt=1/0,  q=3/0 boot=1
 time=1001091.132426727
 seq=4,  reset=33
 status=1
 rssi=-116
 bootcnt=298
 cause=0x00000002
 rx=5
 wdt_cnt=4
 wdt_left=49932
 deploy=0x011B
 active=136
 boot=392
 cause=0x0001014B
 vbatt=0 mV
 output=[13, 1, 239, 63, 0, 0, 0, 0]
 curout=[0, 0, 1, 0, 0, 2]
 curin=[3, 1, 485]
 cursys=6
 boot_cnt=259
 wdt_left=2949336
 bootcause=0
 battmode=0
 deploy=0
 power=0
 ctrl=7
 gyro=[0.000000, 0.000000, 0.000000]
 mode=0
 mem=[0, 0, 0, 0, 0, 0]
 img=[0, 0, 0, 2, 2, 2]
 adc=[514, 770]

Binary (143 B):
08 1A C0 0A 00 A9 00 0F 46 92 3E 43 00 00 07 07
07 07 07 00 00 16 00 02 00 00 00 0E 00 01 00 03
00 01 00 83 46 0F 00 E7 AB E4 07 04 00 00 00 21
01 8C FF 2A 01 02 00 00 00 05 04 00 0C C3 00 00
1B 01 88 88 01 4B 01 01 00 00 00 0D 01 EF 3F 00
00 00 00 00 00 00 00 01 00 00 00 00 00 02 00 03
00 01 00 E5 01 06 00 03 01 D8 00 2D 00 00 00 00
00 07 03 01 17 00 17 00 00 00 00 00 00 00 00 00
00 00 00 00 00 00 00 00 02 02 02 02 02 02 03 
