CCID=0x081A Seq=0x0001 Len=148
Tcode=25 08 31 15 24 40
 cnt=0, err=0
 I2C0=7/0,  I2C1=7/1687,  I2C2=7/181
 UART=7/0
 RS422=7/1267
 cnt=0/0,  q=10/0 boot=3
 time=1051553.804174644
 seq=2527,  reset=33
 status=1
 rssi=-116
 bootcnt=85
 cause=0x00000002
 rx=5
 wdt_cnt=1
 wdt_left=57397
 deploy=0x8888
 active=2
 boot=81
 cause=0x00000001
 vbatt=14471 mV
 output=[0, 0, 0, 0, 1, 0, 0, 0]
 curout=[1, 0, 0, 2, 458, 1]
 curin=[465, 0, 282]
 cursys=389
 boot_cnt=94
 wdt_left=0
 bootcause=8
 battmode=3
 heater_mode=0
 deploy=1
 BP4_Temperature=[0, 0]
 power=4
 ctrl=0
 gyro=[0.020000, 0.000000, 0.012500]
 mode=0
 mem=[2, 2, 0, 0, 0, 0]
 img=[2, 2, 0, 0, 0, 0]
 adc=[2, 1]

Binary (148 B):
1A 08 01 00 94 00 25 08 31 15 24 40 00 00 07 07
07 07 07 00 00 97 06 B5 00 00 00 F3 04 00 00 0A
00 03 00 A1 0B 10 00 34 BB EE 2F DF 09 00 00 21
01 8C FF 55 00 02 00 00 00 05 01 00 35 E0 00 00
88 88 02 51 00 01 00 00 00 87 38 00 00 00 00 01
00 00 00 01 00 00 00 00 00 02 00 CA 01 01 00 D1
01 00 00 1A 01 85 01 5E 00 00 00 00 00 08 03 00
00 00 00 00 01 04 00 0A D7 A3 3C 00 00 00 00 CD
CC 4C 3C 00 02 02 00 00 00 00 02 02 00 00 00 00
02 00 01 00 
