CCID=0x081A Seq=0xC009 Len=176
Tcode=00 0F 46 88 C0 35
 cnt=0, err=0
 I2C0=7/0,  I2C1=7/11,  I2C2=7/1
 UART=7/0
 RS422=7/7
 cnt=1/0,  q=3/0 boot=1
 time=1001091.99427634
 seq=4,  reset=33
 status=1
 rssi=-118
 bootcnt=298
 cause=0x00000002
 rx=5
 wdt_cnt=4
 wdt_left=50625
 deploy=0x0115
 active=136
 boot=392
 cause=0x0001014B
 vbatt=0 mV
 output=[8, 1, 239, 63, 0, 0, 0, 0]
 curout=[0, 0, 1, 0, 0, 2]
 curin=[3, 1, 485]
 cursys=3
 boot_cnt=265
 wdt_left=2949348
 bootcause=0
 battmode=0
 deploy=0
 power=0
 ctrl=7
 gyro=[0.000000, 0.000000, 0.000000]
 mode=0
 mem=[0, 0, 0, 0, 0, 0]
 img=[0, 0, 0, 2, 2, 2]
 adc=[514, 770]

Binary (143 B):
08 1A C0 09 00 A9 00 0F 46 88 C0 35 00 00 07 07
07 07 07 00 00 0B 00 01 00 00 00 07 00 01 00 03
00 01 00 83 46 0F 00 32 25 ED 05 04 00 00 00 21
01 8A FF 2A 01 02 00 00 00 05 04 00 C1 C5 00 00
15 01 88 88 01 4B 01 01 00 00 00 08 01 EF 3F 00
00 00 00 00 00 00 00 01 00 00 00 00 00 02 00 03
00 01 00 E5 01 03 00 09 01 E4 00 2D 00 00 00 00
00 07 03 01 17 00 17 00 00 00 00 00 00 00 00 00
00 00 00 00 00 00 00 00 02 02 02 02 02 02 03 
