CCID=0x081A Seq=0xC028 Len=176
Tcode=00 0F 47 C4 3E 67
 cnt=0, err=0
 I2C0=7/0,  I2C1=7/88,  I2C2=7/8
 UART=7/0
 RS422=7/56
 cnt=1/0,  q=10/0 boot=1
 time=1001406.98301494
 seq=20,  reset=33
 status=1
 rssi=-112
 bootcnt=298
 cause=0x00000002
 rx=5
 wdt_cnt=4
 wdt_left=51207
 deploy=0x0111
 active=136
 boot=392
 cause=0x0001014B
 vbatt=0 mV
 output=[3, 1, 219, 63, 0, 0, 0, 0]
 curout=[0, 0, 1, 0, 0, 2]
 curin=[3, 1, 488]
 cursys=6
 boot_cnt=271
 wdt_left=2949336
 bootcause=0
 battmode=0
 deploy=0
 power=0
 ctrl=7
 gyro=[0.000000, 0.000000, 0.000000]
 mode=0
 mem=[0, 0, 0, 0, 0, 0]
 img=[0, 0, 0, 2, 2, 2]
 adc=[514, 770]

Binary (143 B):
08 1A C0 28 00 A9 00 0F 47 C4 3E 67 00 00 07 07
07 07 07 00 00 58 00 08 00 00 00 38 00 01 00 0A
00 01 00 BE 47 0F 00 36 F6 DB 05 14 00 00 00 21
01 90 FF 2A 01 02 00 00 00 05 04 00 07 C8 00 00
11 01 88 88 01 4B 01 01 00 00 00 03 01 DB 3F 00
00 00 00 00 00 00 00 01 00 00 00 00 00 02 00 03
00 01 00 E8 01 06 00 0F 01 D8 00 2D 00 00 00 00
00 07 03 01 16 00 16 00 00 00 00 00 00 00 00 00
00 00 00 00 00 00 00 00 02 02 02 02 02 02 03 
