CCID=0x081A Seq=0xC005 Len=176
Tcode=00 0F 47 10 40 BC
 cnt=0, err=0
 I2C0=7/0,  I2C1=7/11,  I2C2=7/1
 UART=7/0
 RS422=7/7
 cnt=1/0,  q=3/0 boot=1
 time=1001226.64882783
 seq=11,  reset=33
 status=1
 rssi=-117
 bootcnt=298
 cause=0x00000002
 rx=5
 wdt_cnt=4
 wdt_left=52210
 deploy=0x00E6
 active=136
 boot=392
 cause=0x0001014B
 vbatt=0 mV
 output=[225, 0, 199, 63, 0, 0, 0, 0]
 curout=[0, 0, 1, 0, 0, 2]
 curin=[3, 1, 494]
 cursys=6
 boot_cnt=291
 wdt_left=2949348
 bootcause=0
 battmode=0
 deploy=0
 power=0
 ctrl=7
 gyro=[0.000000, 0.000000, -0.000000]
 mode=60
 mem=[0, 0, 0, 0, 41, 92]
 img=[143, 60, 0, 2, 2, 2]
 adc=[514, 770]

Binary (143 B):
08 1A C0 05 00 A9 00 0F 47 10 40 BC 00 00 07 07
07 07 07 00 00 0B 00 01 00 00 00 07 00 01 00 03
00 01 00 0A 47 0F 00 5F 08 DE 03 0B 00 00 00 21
01 8B FF 2A 01 02 00 00 00 05 04 00 F2 CB 00 00
E6 00 88 88 01 4B 01 01 00 00 00 E1 00 C7 3F 00
00 00 00 00 00 00 00 01 00 00 00 00 00 02 00 03
00 01 00 EE 01 06 00 23 01 E4 00 2D 00 00 00 00
00 07 03 01 15 00 15 00 00 04 00 29 5C 8F 3C 00
00 00 00 29 5C 8F 3C 00 02 02 02 02 02 02 03 
