CCID=0x081A Seq=0xC013 Len=176
Tcode=00 0F 46 EA 3C 43
 cnt=0, err=0
 I2C0=7/0,  I2C1=7/44,  I2C2=7/4
 UART=7/0
 RS422=7/28
 cnt=1/0,  q=3/0 boot=1
 time=1001181.64884930
 seq=9,  reset=33
 status=1
 rssi=-111
 bootcnt=298
 cause=0x00000002
 rx=5
 wdt_cnt=4
 wdt_left=49842
 deploy=0x011F
 active=136
 boot=392
 cause=0x0001014B
 vbatt=0 mV
 output=[13, 1, 239, 63, 0, 0, 0, 0]
 curout=[0, 0, 1, 0, 0, 2]
 curin=[3, 1, 485]
 cursys=3
 boot_cnt=259
 wdt_left=2949336
 bootcause=0
 battmode=0
 deploy=0
 power=0
 ctrl=7
 gyro=[0.000000, 0.000000, 0.000000]
 mode=0
 mem=[0, 0, 0, 0, 0, 0]
 img=[0, 0, 0, 2, 2, 2]
 adc=[514, 770]

Binary (143 B):
08 1A C0 13 00 A9 00 0F 46 EA 3C 43 00 00 07 07
07 07 07 00 00 2C 00 04 00 00 00 1C 00 01 00 03
00 01 00 DD 46 0F 00 C2 10 DE 03 09 00 00 00 21
01 91 FF 2A 01 02 00 00 00 05 04 00 B2 C2 00 00
1F 01 88 88 01 4B 01 01 00 00 00 0D 01 EF 3F 00
00 00 00 00 00 00 00 01 00 00 00 00 00 02 00 03
00 01 00 E5 01 03 00 03 01 D8 00 2D 00 00 00 00
00 07 03 01 17 00 17 00 00 00 00 00 00 00 00 00
00 00 00 00 00 00 00 00 02 02 02 02 02 02 03 
