CCID=0x081A Seq=0xC013 Len=152
Tcode=00 0F 46 B9 40 37
 cnt=0, err=0
 I2C0=7/0,  I2C1=7/0,  I2C2=7/0
 UART=7/0
 RS422=7/14
 cnt=1/0,  q=4/11 boot=1
 time=1001136.98525261
 seq=6,  reset=33
 status=1
 rssi=-108
 bootcnt=129
 cause=0x00000002
 rx=5
 wdt_cnt=1
 wdt_left=91997
 deploy=0x0135
 active=0
 boot=256
 cause=0x000106BB
 vbatt=0 mV
 output=[37, 1, 0, 0, 0, 0, 0, 0]
 curout=[0, 0, 0, 0, 0, 0]
 curin=[0, 0, 0]
 cursys=0
 boot_cnt=0
 wdt_left=0
 bootcause=0
 battmode=0
 deploy=0
 power=0
 ctrl=0
 gyro=[0.000000, 0.000000, 0.000000]
 mode=0
 mem=[0, 0, 0, 0, 0, 0]
 img=[0, 0, 0, 0, 0, 0]
 adc=[0, 0]

Binary (143 B):
08 1A C0 13 00 91 00 0F 46 B9 40 37 00 00 07 07
07 07 07 00 00 00 00 00 00 00 00 0E 00 01 00 04
0B 01 00 B0 46 0F 00 4D 60 DF 05 06 00 00 00 21
01 94 FF 81 00 02 00 00 00 05 01 00 5D 67 01 00
35 01 00 00 01 BB 06 01 00 00 00 25 01 00 00 00
00 00 00 00 00 00 00 00 00 00 00 00 00 00 00 00
00 00 00 00 00 00 00 00 00 00 00 00 00 00 00 00
00 00 00 00 00 00 00 00 01 00 00 00 00 00 00 00
00 00 00 00 00 00 00 00 00 00 00 00 00 00 00 
